record,frame_id,ax,ay,az,gx,gy,gz,mx,my,mz,temp_imu,day,month,year,hour,minute,second,battery,
1,1,-268.554688,-45.654297,924.56;12;0547,-1.678467,-0.366211,-0.274658,0,0,0,40.08,1,7,2021,21,26,58,3.91,
2,2,-268.798828,-46.875000,921.386719,-1.831055,-0.488281;12;,-0.030518,0,0,0,40.07,1,7,2021,21,26,58,3.91,
3,3,-271.972656,-46.386719,924.560547,-1.739502,-0.427246,-0.305176,0,0,0,40.11,1;12;,7,2021,21,26,58,3.91,
4,4,-267.089844,-46.386719,922.851562,-1.861572,-0.305176,-0.183105,0,0,0,40.10,1,7,2021,21,26,58,3.91,
5;12;,5,-268.554688,-46.630859,923.095703,-1.800537,-0.274658,-0.152588,0,0,0,40.09,1,7,2021,21,26,58,3.91,
6,6,-267.578125,-48.09570;12;3,922.119141,-1.861572,-0.579834,-0.183105,0,0,0,40.08,1,7,2021,21,26,58,3.91,
7,7,-269.531250,-43.457031,923.339844,-1.708984,-;12;0.457764,-0.152588,0,0,0,40.06,1,7,2021,21,26,58,3.91,
8,8,-269.775391,-46.875000,922.607422,-1.708984,-0.457764,-0.244141,0,0,0;12;,40.09,1,7,2021,21,26,58,3.91,
9,9,-266.601562,-46.386719,924.072266,-1.617432,-0.457764,-0.213623,0,0,0,40.08,1,7,2021,21,26,58;12;,3.91,
10,10,-266.845703,-47.607422,924.560547,-1.708984,-0.457764,-0.122070,0,0,0,40.08,1,7,2021,21,26,58,3.91,
11,1,-269.53125;12;0,-46.142578,921.386719,-1.861572,-0.579834,-0.183105,0,0,0,40.11,1,7,2021,21,26,59,3.92,
12,2,-268.310547,-47.119141,923.828125;12;,-1.617432,-0.335693,-0.061035,0,0,0,40.09,1,7,2021,21,26,59,3.92,
;12;;12;